2.393617021276595591e-01
2.872340425531915153e-01
1.329787234042553168e-01
6.117021276595744350e-01
2.712765957446808263e-01
3.191489361702127270e-01
1.861702127659574380e-01
5.851063829787234161e-01
1.728723404255319007e-01
6.382978723404254540e-01
1.595744680851063635e-01
7.180851063829787329e-01
7.526595744680849576e-01
6.090425531914892554e-01
2.420212765957447110e-01
1.728723404255319007e-01
4.255319148936170248e-01
6.223404255319148204e-01
6.117021276595744350e-01
4.468085106382978511e-01
1.063829787234042562e-01
6.835106382978723971e-01
4.521276595744680438e-01
3.085106382978723416e-01
2.446808510638297518e-01
2.925531914893617080e-01
2.925531914893617080e-01
4.255319148936170248e-01
6.755319148936169693e-01
6.914893617021276029e-01
1.063829787234042562e-01
6.702127659574468321e-01
5.053191489361702482e-01
5.053191489361702482e-01
1.063829787234042562e-01
7.978723404255318175e-02
1.994680851063829752e-01
4.627659574468084291e-01
5.771276595744680993e-01
2.287234042553191737e-01
4.255319148936170248e-01
5.053191489361702482e-01
4.521276595744680438e-01
3.218085106382979066e-01
3.989361702127659504e-01
4.680851063829787329e-01
3.191489361702127270e-01
1.595744680851063635e-01
1.329787234042553168e-01
4.521276595744680438e-01
5.585106382978722861e-01
2.393617021276595591e-01
4.255319148936170248e-01
1.861702127659574380e-01
4.388297872340425343e-01
5.053191489361702482e-01
5.159574468085106336e-01
3.723404255319148759e-01
3.776595744680850686e-01
7.446808510638297518e-01
5.851063829787234161e-01
5.319148936170212671e-01
2.393617021276595591e-01
2.686170212765957577e-01
3.989361702127659504e-01
3.457446808510638014e-01
7.101063829787234161e-01
1.329787234042553168e-01
2.659574468085106336e-01
1.063829787234042562e-01
3.936170212765957577e-01
2.526595744680851241e-01
1.861702127659574380e-01
1.994680851063829752e-01
2.659574468085106336e-01
1.595744680851063635e-01
1.329787234042553168e-01
5.585106382978722861e-01
6.648936170212765839e-01
5.984042553191488700e-01
3.723404255319148759e-01
3.138297872340425343e-01
7.978723404255318175e-02
4.069148936170212671e-01
3.989361702127659504e-01
1.595744680851063635e-01
2.526595744680851241e-01
2.925531914893617080e-01
1.329787234042553168e-01
4.920212765957446832e-01
7.978723404255318175e-02
2.925531914893617080e-01
6.223404255319148204e-01
1.329787234042553168e-01
1.063829787234042562e-01
3.457446808510638014e-01
5.585106382978722861e-01
1.329787234042553168e-01
1.728723404255319007e-01
5.265957446808510189e-01
2.101063829787233606e-01
1.595744680851063635e-01
2.659574468085106336e-01
3.191489361702127270e-01
6.382978723404254540e-01
6.303191489361702482e-01
7.632978723404255650e-01
3.989361702127659504e-01
5.319148936170212671e-01
3.989361702127659504e-01
3.723404255319148759e-01
6.648936170212765839e-01
2.659574468085106336e-01
4.521276595744680438e-01
7.739361702127659504e-01
4.787234042553191182e-01
6.728723404255317897e-01
4.787234042553191182e-01
1.595744680851063635e-01
5.053191489361702482e-01
1.595744680851063635e-01
5.531914893617021489e-01
7.446808510638297518e-01
3.191489361702127270e-01
1.861702127659574380e-01
5.053191489361702482e-01
4.893617021276595036e-01
6.170212765957446832e-01
2.127659574468085124e-01
1.861702127659574380e-01
5.319148936170212671e-01
3.457446808510638014e-01
2.659574468085106336e-01
6.675531914893617635e-01
4.521276595744680438e-01
5.718085106382978511e-01
6.117021276595744350e-01
6.196808510638296408e-01
3.723404255319148759e-01
1.595744680851063635e-01
2.393617021276595591e-01
5.585106382978722861e-01
3.457446808510638014e-01
1.329787234042553168e-01
6.569148936170213782e-01
3.723404255319148759e-01
4.255319148936170248e-01
3.457446808510638014e-01
3.457446808510638014e-01
3.590425531914893664e-01
2.978723404255319007e-01
5.984042553191488700e-01
3.324468085106382920e-01
2.978723404255319007e-01
2.260638297872340219e-01
2.659574468085106336e-01
1.063829787234042562e-01
5.851063829787234161e-01
3.351063829787234161e-01
5.851063829787234161e-01
4.521276595744680438e-01
5.319148936170212671e-01
5.585106382978722861e-01
4.122340425531914598e-01
5.319148936170212671e-01
2.978723404255319007e-01
7.180851063829787329e-01
2.659574468085106405e-02
8.005319148936170803e-01
2.287234042553191737e-01
8.643617021276595036e-01
1.595744680851063635e-01
3.723404255319148759e-01
1.595744680851063635e-01
4.255319148936170248e-01
5.718085106382978511e-01
6.515957446808510189e-01
1.462765957446808540e-01
7.207446808510638014e-01
6.382978723404254540e-01
2.127659574468085124e-01
2.659574468085106336e-01
9.468085106382978511e-01
2.127659574468085124e-01
4.255319148936170248e-01
4.654255319148936088e-01
4.255319148936170248e-01
1.861702127659574380e-01
3.457446808510638014e-01
1.063829787234042562e-01
2.978723404255319007e-01
2.393617021276595591e-01
2.659574468085106336e-01
6.356382978723403854e-01
6.781914893617021489e-01
3.989361702127659504e-01
