2.496856794154866388e-01
3.420444946405567510e-01
1.371807246955701887e-01
5.549000422617487160e-01
2.406581642624611717e-01
2.248882339534422070e-01
1.951461419471778036e-01
6.274068578544255148e-01
2.293090070335244146e-01
5.634980946322516449e-01
2.079416998523757332e-01
6.482348308698963057e-01
5.483559899261047921e-01
5.518585885767828270e-01
2.431141306802510338e-01
2.107205122747407566e-01
4.208416224179568621e-01
6.915897261963526166e-01
6.577179234307717337e-01
5.808660186128885572e-01
1.086792830182807534e-01
6.203959622646967320e-01
5.328909747824569498e-01
2.864166767100718713e-01
2.495505648049785585e-01
2.580716060572870729e-01
4.547975020730468665e-01
4.233813445818568333e-01
6.355999075152858335e-01
5.155430863646009998e-01
1.276890197821439477e-01
4.834400526665739162e-01
4.936536927206791603e-01
4.042795425693296307e-01
1.339203477815251730e-01
6.703385525663008160e-02
2.302840426839011800e-01
5.842554076225723314e-01
5.265548941584410336e-01
4.330391351101057218e-01
4.188440716594219460e-01
5.402260301559933531e-01
5.947191191498377716e-01
5.245602752794878976e-01
4.874010721737964680e-01
5.970223661809317406e-01
4.349054433939526509e-01
2.940473649110127430e-01
1.528579173027890814e-01
4.995694542110070135e-01
4.665154815685288447e-01
3.997993395135566730e-01
4.564113293752443123e-01
1.640842842123972078e-01
4.553703861984521595e-01
3.831738331523947272e-01
4.668226672486061046e-01
4.320329225133677786e-01
4.477828690505150089e-01
7.319928506674904245e-01
5.479419307881820966e-01
5.179626302586542996e-01
2.039153563674621084e-01
4.343277809538449441e-01
5.952537867934023508e-01
2.555885081501137468e-01
4.987238680898900545e-01
1.614586030794479543e-01
4.967689282543377161e-01
1.055428651730976053e-01
4.594696814359142678e-01
2.496110239466222125e-01
1.619034976699176842e-01
1.488599768752995600e-01
2.183772032271690811e-01
1.320583382482273249e-01
9.733238350662398730e-02
4.833334224062915130e-01
7.111839770198550292e-01
5.738925492524420413e-01
4.460254736440700252e-01
3.180631918820477910e-01
5.517729891528702635e-02
5.886974400169071586e-01
4.716859583449627968e-01
1.542665555540622679e-01
2.885003675583724392e-01
4.133454237667001374e-01
1.609252536604430517e-01
5.188563600026064870e-01
1.050864370007661974e-01
3.013850862630501615e-01
6.854470128489505987e-01
3.696988427779507314e-02
1.475374248880487182e-01
4.593966277836604162e-01
5.873954062255506425e-01
9.603390983235030043e-02
1.556312908313443599e-01
3.043230537494460153e-01
2.120817236868245415e-01
1.024839146683465818e-01
2.588160323595268819e-01
4.062192198024380252e-01
6.620077725704300864e-01
4.652351457426781023e-01
7.163184265740384360e-01
4.109457857832081729e-01
5.252393769832141013e-01
3.045594991980887789e-01
3.790361920072391477e-01
6.302016743100786744e-01
3.561817219364701859e-01
4.430758516697922422e-01
7.189794177040009782e-01
4.465026330323678128e-01
6.590612426550092051e-01
5.972841014322592956e-01
1.630537765826716445e-01
5.808610974982182373e-01
1.625485694832446426e-01
6.460282046466013783e-01
6.549809526384910985e-01
4.426283952750418305e-01
2.306640819988745594e-01
6.311739808203198354e-01
4.680053604191748429e-01
6.733992245096505069e-01
1.426367892691145778e-01
1.322960718095803623e-01
5.247521501792422605e-01
4.467139752869063174e-01
2.733514924939972612e-01
7.074088706654493297e-01
3.938340148312611810e-01
4.950824701266027805e-01
5.949607244723603694e-01
7.155887610535562882e-01
2.520952305777094393e-01
1.081865708589937192e-01
2.283699521015039591e-01
4.472683823795070568e-01
3.732992692938835733e-01
1.413917406226197215e-01
6.824820555092526719e-01
4.633811813507031641e-01
4.300846640715240143e-01
4.796042074453339410e-01
2.702244728647793526e-01
2.939741234590457775e-01
3.173964116285920012e-01
5.431372031555360413e-01
4.687060771784796742e-01
4.539972099551300433e-01
2.679043046050670895e-01
2.776800617209186917e-01
6.476744537969894577e-02
7.301312448075287787e-01
4.875023599293035192e-01
6.124839197339364549e-01
4.849470779306037094e-01
5.049554692849402837e-01
4.963771945018051746e-01
4.413963747633105617e-01
5.267967332324130503e-01
2.355595458483667470e-01
6.950505351391561559e-01
5.318712324326474450e-02
7.295328985210171036e-01
2.489462956870349686e-01
6.549008836085863372e-01
2.490259284384651606e-01
5.197284350746278481e-01
7.192176304782110785e-02
4.289059129668958414e-01
5.132824519586839385e-01
4.546551051360575579e-01
1.743584521944393506e-01
5.875851543195349524e-01
5.745626811578650184e-01
1.291055380960574317e-01
2.632283022605809708e-01
6.878974435169072921e-01
2.008644045255775501e-01
5.152118971379635592e-01
4.317670979155087130e-01
4.439347484911170261e-01
1.793393920120421869e-01
2.171381397048690043e-01
2.190638637105535858e-01
3.246302837657514817e-01
2.693273137174265752e-01
2.699296021736477535e-01
6.532694621221200038e-01
4.964927989777064288e-01
5.019229333741932475e-01
