1000 343468
1100 343468
1200 343468
1300 343468
1400 343468
1500 343468
1600 343468
1700 343468
1800 343468
1900 343468
2000 343468
2100 343468
2200 343468
2300 343468
2400 343468
2500 343468
2600 343468
2700 343468
2800 343468
2900 343468
3000 343468
3100 343468
3200 343468
3300 343468
3400 343468
3500 343468
3600 343468
3700 343468
3800 343468
3900 343468
4000 343468
4100 343468
4200 343468
4300 343468
4400 343468
4500 343468
4600 343468
4700 343468
4800 343468
4900 343468
5000 343468
5100 343468
5200 343468
5300 343468
5400 343468
5500 343468
5600 343468
5700 343468
5800 343468
5900 343468
6000 343468
6100 343468
6200 343468
6300 343468
6400 343468
6500 343468
6600 343468
6700 343468
6800 343468
6900 343468
7000 343468
7100 343468
7200 343468
7300 343468
7400 343468
7500 343468
7600 343468
7700 343468
7800 343468
7900 343468
8000 343468
8100 343468
8200 343468
8300 343468
8400 343468
8500 343468
8600 343468
8700 343468
8800 343468
8900 343468
9000 343468
9100 343468
9200 343468
9300 343468
9400 343468
9500 343468
9600 343468
9700 343468
9800 343468
9900 343468
10000 343468
10100 343468
10200 343468
10300 343468
10400 343468
10500 343468
10600 343468
10700 343468
10800 343468
10900 343468
11000 343468
11100 343468
11200 343468
11300 343468
11400 343468
11500 343468
11600 343468
11700 343468
11800 343468
11900 343468
12000 343468
12100 343468
12200 343468
12300 343468
12400 343468
12500 343468
12600 343468
12700 343468
12800 343468
12900 343468
13000 343468
13100 343468
13200 343468
13300 343468
13400 343468
13500 343468
13600 343468
13700 343468
13800 343468
13900 343468
14000 343468
14100 343468
14200 343468
14300 343468
14400 343468
14500 343468
14600 343468
14700 343468
14800 343468
14900 343468
15000 343468
15100 343468
15200 343468
15300 343468
15400 343468
15500 343468
15600 343468
15700 343468
15800 343468
15900 343468
16000 343468
16100 343468
16200 343468
16300 343468
16400 343468
16500 343468
16600 343468
16700 343468
16800 343468
16900 343468
17000 343468
17100 343468
17200 343468
17300 343468
17400 343468
17500 343468
17600 343468
17700 343468
17800 343468
17900 343468
18000 343468
18100 343468
18200 343468
18300 343468
18400 343468
18500 343468
18600 343468
18700 343468
18800 343468
18900 343468
