0.001 0.000043
0.002 0.000118
0.003 0.000250
0.004 0.000414
0.005 0.000664
0.006 0.000980
0.007 0.001381
0.008 0.001706
0.009 0.002157
0.01 0.002564
0.011 0.003153
0.012 0.003741
0.013 0.004405
0.014 0.005109
0.015 0.005796
0.016 0.006565
0.017 0.007338
0.018 0.008183
0.019 0.008939
0.02 0.009807
0.021 0.010767
0.022 0.011760
0.023 0.012825
0.024 0.013923
0.025 0.015152
0.026 0.016267
0.027 0.017385
0.028 0.018519
0.029 0.019696
0.03 0.020922
0.031 0.022316
0.032 0.023588
0.033 0.025038
0.034 0.026366
0.035 0.027862
0.036 0.029151
0.037 0.030663
0.038 0.032027
0.039 0.033385
0.04 0.034864
0.041 0.036367
0.042 0.037974
0.043 0.039625
0.044 0.041242
0.045 0.042981
0.046 0.044625
0.047 0.046328
0.048 0.048301
0.049 0.049997
0.05 0.051792
0.051 0.053498
0.052 0.055392
0.053 0.057167
0.054 0.058903
0.055 0.060691
0.056 0.062657
0.057 0.064679
0.058 0.066754
0.059 0.068644
0.06 0.070498
0.061 0.072349
0.062 0.074239
0.063 0.076136
0.064 0.077895
0.065 0.079887
0.066 0.081738
0.067 0.083790
0.068 0.085644
0.069 0.087600
0.07 0.089517
0.071 0.091440
0.072 0.093452
0.073 0.095579
0.074 0.097643
0.075 0.099718
0.076 0.101855
0.077 0.103880
0.078 0.105879
0.079 0.108022
0.08 0.110080
0.081 0.112168
0.082 0.114236
0.083 0.116264
0.084 0.118447
0.085 0.120574
0.086 0.122800
0.087 0.124657
0.088 0.126600
0.089 0.128721
0.09 0.130624
0.091 0.132814
0.092 0.135118
0.093 0.137160
0.094 0.139201
0.095 0.141443
0.096 0.143584
0.097 0.145859
0.098 0.148009
0.099 0.149860
0.1 0.151921
0.101 0.154324
0.102 0.156441
0.103 0.158539
0.104 0.160968
0.105 0.162974
0.106 0.165216
0.107 0.167244
0.108 0.169309
0.109 0.171475
0.11 0.173504
0.111 0.175729
0.112 0.177988
0.113 0.179960
0.114 0.182104
0.115 0.184215
0.116 0.186299
0.117 0.188538
0.118 0.190579
0.119 0.192640
0.12 0.194462
0.121 0.196536
0.122 0.198364
0.123 0.200442
0.124 0.202483
0.125 0.204492
0.126 0.206461
0.127 0.208533
0.128 0.210535
0.129 0.212540
0.13 0.214578
0.131 0.216508
0.132 0.218451
0.133 0.220473
0.134 0.222297
0.135 0.224398
0.136 0.226177
0.137 0.228136
0.138 0.230040
0.139 0.232019
0.14 0.233817
0.141 0.235730
0.142 0.237437
0.143 0.239337
0.144 0.241303
0.145 0.243193
0.146 0.245064
0.147 0.247030
0.148 0.248881
0.149 0.250712
0.15 0.252503
0.151 0.254368
0.152 0.256100
0.153 0.257892
0.154 0.259683
0.155 0.261367
0.156 0.263126
0.157 0.265147
0.158 0.266886
0.159 0.268859
0.16 0.270536
0.161 0.272433
0.162 0.274188
0.163 0.276039
0.164 0.277768
0.165 0.279537
0.166 0.281033
0.167 0.282703
0.168 0.284343
0.169 0.285915
0.17 0.287562
0.171 0.289472
0.172 0.290997
0.173 0.292431
0.174 0.294022
0.175 0.295560
0.176 0.297086
0.177 0.298572
0.178 0.300189
0.179 0.301909
0.18 0.303582
0.181 0.305206
0.182 0.306620
0.183 0.307787
0.184 0.309299
0.185 0.310532
0.186 0.312228
0.187 0.313787
0.188 0.315128
0.189 0.316565
0.19 0.317903
0.191 0.319543
0.192 0.320947
0.193 0.322196
0.194 0.323669
0.195 0.324974
0.196 0.326227
0.197 0.327423
0.198 0.328890
0.199 0.330346
0.2 0.331625
0.201 0.332864
0.202 0.334127
0.203 0.335596
0.204 0.337039
0.205 0.338414
0.206 0.339840
0.207 0.340810
0.208 0.342231
0.209 0.343454
0.21 0.344775
0.211 0.345926
0.212 0.347431
0.213 0.348681
0.214 0.349739
0.215 0.350854
0.216 0.351995
0.217 0.353198
0.218 0.354227
0.219 0.355167
0.22 0.356071
0.221 0.357153
0.222 0.358435
0.223 0.359464
0.224 0.360476
0.225 0.361851
0.226 0.362962
0.227 0.363895
0.228 0.364888
0.229 0.365865
0.23 0.366677
0.231 0.367775
0.232 0.368501
0.233 0.369376
0.234 0.370655
0.235 0.371789
0.236 0.372940
0.237 0.373686
0.238 0.374692
0.239 0.375520
0.24 0.376178
0.241 0.377164
0.242 0.378094
0.243 0.379012
0.244 0.379748
0.245 0.380642
0.246 0.381704
0.247 0.382450
0.248 0.383269
0.249 0.384183
0.25 0.384801
0.251 0.385600
0.252 0.386307
0.253 0.386987
0.254 0.387467
0.255 0.388079
0.256 0.388707
0.257 0.389476
0.258 0.390219
0.259 0.390998
0.26 0.391833
0.261 0.392162
0.262 0.392974
0.263 0.393592
0.264 0.394240
0.265 0.394851
0.266 0.395627
0.267 0.396367
0.268 0.397080
0.269 0.397800
0.27 0.398336
0.271 0.398661
0.272 0.399200
0.273 0.399707
0.274 0.400279
0.275 0.400880
0.276 0.401617
0.277 0.402235
0.278 0.402830
0.279 0.403379
0.28 0.404046
0.281 0.404773
0.282 0.405338
0.283 0.405733
0.284 0.406354
0.285 0.406910
0.286 0.407748
0.287 0.408471
0.288 0.408892
0.289 0.409375
0.29 0.410000
0.291 0.410543
0.292 0.410911
0.293 0.411512
0.294 0.411877
0.295 0.412065
0.296 0.412630
0.297 0.412725
0.298 0.413057
0.299 0.413814
0.3 0.414425
0.301 0.414852
0.302 0.415484
0.303 0.415730
0.304 0.416322
0.305 0.416868
0.306 0.417223
0.307 0.417555
0.308 0.417910
0.309 0.418235
0.31 0.418663
0.311 0.419116
0.312 0.419268
0.313 0.419827
0.314 0.420218
0.315 0.420606
0.316 0.420961
0.317 0.421247
0.318 0.421523
0.319 0.422003
0.32 0.422351
0.321 0.422631
0.322 0.423012
0.323 0.423278
0.324 0.423357
0.325 0.423719
0.326 0.424137
0.327 0.424130
0.328 0.424413
0.329 0.424856
0.33 0.425139
0.331 0.425073
0.332 0.425609
0.333 0.425886
0.334 0.426254
0.335 0.426609
0.336 0.426987
0.337 0.427164
0.338 0.427283
0.339 0.427092
0.34 0.427516
0.341 0.427769
0.342 0.427957
0.343 0.428302
0.344 0.428545
0.345 0.428926
0.346 0.429094
0.347 0.429551
0.348 0.429919
0.349 0.430061
0.35 0.430278
0.351 0.430557
0.352 0.430774
0.353 0.431185
0.354 0.431320
0.355 0.431494
0.356 0.431747
0.357 0.431954
0.358 0.431961
0.359 0.432276
0.36 0.432339
0.361 0.432701
0.362 0.432904
0.363 0.433263
0.364 0.433371
0.365 0.433358
0.366 0.433302
0.367 0.433167
0.368 0.433289
0.369 0.433276
0.37 0.433414
0.371 0.433499
0.372 0.433956
0.373 0.434032
0.374 0.433999
0.375 0.433792
0.376 0.433884
0.377 0.433779
0.378 0.433966
0.379 0.434127
0.38 0.434193
0.381 0.434147
0.382 0.434121
0.383 0.434331
0.384 0.434413
0.385 0.434555
0.386 0.434920
0.387 0.435110
0.388 0.434989
0.389 0.435120
0.39 0.435127
0.391 0.435502
0.392 0.435922
0.393 0.436116
0.394 0.436248
0.395 0.436231
0.396 0.436182
0.397 0.436386
0.398 0.436544
0.399 0.436432
0.4 0.436554
0.401 0.436570
0.402 0.436629
0.403 0.436925
0.404 0.436912
0.405 0.436715
0.406 0.436570
0.407 0.436521
0.408 0.436517
0.409 0.436583
0.41 0.436554
0.411 0.436475
0.412 0.436485
0.413 0.436790
0.414 0.436675
0.415 0.436738
0.416 0.436748
0.417 0.436826
0.418 0.437043
0.419 0.436905
0.42 0.436751
0.421 0.436912
0.422 0.436965
0.423 0.437487
0.424 0.437359
0.425 0.437464
0.426 0.437717
0.427 0.437681
0.428 0.437612
0.429 0.437566
0.43 0.437576
0.431 0.437415
0.432 0.437553
0.433 0.437329
0.434 0.437556
0.435 0.437596
0.436 0.437648
0.437 0.437553
0.438 0.437566
0.439 0.437839
0.44 0.437901
0.441 0.438128
0.442 0.438309
0.443 0.438349
0.444 0.438342
0.445 0.438250
0.446 0.438243
0.447 0.438141
0.448 0.438102
0.449 0.438188
0.45 0.438076
0.451 0.437984
0.452 0.438191
0.453 0.438174
0.454 0.438178
0.455 0.438026
0.456 0.437918
0.457 0.437961
0.458 0.437855
0.459 0.437546
0.46 0.437228
0.461 0.437379
0.462 0.437494
0.463 0.437445
0.464 0.437451
0.465 0.437520
0.466 0.437648
0.467 0.437648
0.468 0.437885
0.469 0.438020
0.47 0.438013
0.471 0.437849
0.472 0.437701
0.473 0.437754
0.474 0.437708
0.475 0.437717
0.476 0.437491
0.477 0.437352
0.478 0.437218
0.479 0.437228
0.48 0.437468
0.481 0.437560
0.482 0.437527
0.483 0.437159
0.484 0.437303
0.485 0.437425
0.486 0.437323
0.487 0.437297
0.488 0.437168
0.489 0.437221
0.49 0.437043
0.491 0.437126
0.492 0.437089
0.493 0.437024
0.494 0.437201
0.495 0.437560
0.496 0.437556
0.497 0.437389
0.498 0.437648
0.499 0.437343
0.5 0.437214
0.501 0.437001
0.502 0.436731
0.503 0.436458
0.504 0.436432
0.505 0.436350
0.506 0.436445
0.507 0.436554
0.508 0.436429
0.509 0.436596
0.51 0.436465
0.511 0.436560
0.512 0.436570
0.513 0.436702
0.514 0.436705
0.515 0.436679
0.516 0.436810
0.517 0.436935
0.518 0.436843
0.519 0.436892
0.52 0.437349
0.521 0.437356
0.522 0.437441
0.523 0.437464
0.524 0.437543
0.525 0.437461
0.526 0.437333
0.527 0.437484
0.528 0.437704
0.529 0.437849
0.53 0.437961
0.531 0.438181
0.532 0.437901
0.533 0.437862
0.534 0.437846
0.535 0.437908
0.536 0.438138
0.537 0.438257
0.538 0.438506
0.539 0.438529
0.54 0.438628
0.541 0.438628
0.542 0.438848
0.543 0.438891
0.544 0.438737
0.545 0.438740
0.546 0.438914
0.547 0.438848
0.548 0.438838
0.549 0.439052
0.55 0.438710
0.551 0.438566
0.552 0.438746
0.553 0.438743
0.554 0.438664
0.555 0.438500
0.556 0.438309
0.557 0.438474
0.558 0.438783
0.559 0.438799
0.56 0.438533
0.561 0.438404
0.562 0.438286
0.563 0.438089
0.564 0.438115
0.565 0.437908
0.566 0.437809
0.567 0.437737
0.568 0.437543
0.569 0.437500
0.57 0.437408
0.571 0.437398
0.572 0.437500
0.573 0.437645
0.574 0.437569
0.575 0.437731
0.576 0.437793
0.577 0.437632
0.578 0.437714
0.579 0.437668
0.58 0.437655
0.581 0.437665
0.582 0.437931
0.583 0.437905
0.584 0.437855
0.585 0.437737
0.586 0.437596
0.587 0.437579
0.588 0.437678
0.589 0.437717
0.59 0.437550
0.591 0.437461
0.592 0.437306
0.593 0.437464
0.594 0.437237
0.595 0.436932
0.596 0.437053
0.597 0.437126
0.598 0.436846
0.599 0.436508
0.6 0.436600
0.601 0.436350
0.602 0.436153
0.603 0.436047
0.604 0.435972
0.605 0.435715
0.606 0.435876
0.607 0.435827
0.608 0.435820
0.609 0.435636
0.61 0.435689
0.611 0.435534
0.612 0.435502
0.613 0.435225
0.614 0.435206
0.615 0.435281
0.616 0.435232
0.617 0.434949
0.618 0.434847
0.619 0.434653
0.62 0.434545
0.621 0.434275
0.622 0.434269
0.623 0.434302
0.624 0.434361
0.625 0.434180
0.626 0.434206
0.627 0.434354
0.628 0.434262
0.629 0.434210
0.63 0.434055
0.631 0.433776
0.632 0.433332
0.633 0.433279
0.634 0.433273
0.635 0.432977
0.636 0.433421
0.637 0.433010
0.638 0.433029
0.639 0.432743
0.64 0.432714
0.641 0.432572
0.642 0.432240
0.643 0.432109
0.644 0.432056
0.645 0.431836
0.646 0.431737
0.647 0.431412
0.648 0.431366
0.649 0.431300
0.65 0.431060
0.651 0.430965
0.652 0.430863
0.653 0.430689
0.654 0.430495
0.655 0.430442
0.656 0.430432
0.657 0.430278
0.658 0.429913
0.659 0.429630
0.66 0.429492
0.661 0.429406
0.662 0.429446
0.663 0.429196
0.664 0.428427
0.665 0.428279
0.666 0.428085
0.667 0.427815
0.668 0.427822
0.669 0.427805
0.67 0.427562
0.671 0.427306
0.672 0.426990
0.673 0.426615
0.674 0.426435
0.675 0.426112
0.676 0.425951
0.677 0.425800
0.678 0.425547
0.679 0.425267
0.68 0.424781
0.681 0.424547
0.682 0.424120
0.683 0.423509
0.684 0.422992
0.685 0.422384
0.686 0.422032
0.687 0.421608
0.688 0.421362
0.689 0.420911
0.69 0.420750
0.691 0.420303
0.692 0.419784
0.693 0.419514
0.694 0.419248
0.695 0.418975
0.696 0.418479
0.697 0.418081
0.698 0.417647
0.699 0.417137
0.7 0.416769
0.701 0.416223
0.702 0.415615
0.703 0.415139
0.704 0.414632
0.705 0.414165
0.706 0.413787
0.707 0.413455
0.708 0.412985
0.709 0.412328
0.71 0.411693
0.711 0.410944
0.712 0.410266
0.713 0.409606
0.714 0.408849
0.715 0.408688
0.716 0.408346
0.717 0.407646
0.718 0.407301
0.719 0.406703
0.72 0.405966
0.721 0.405549
0.722 0.404664
0.723 0.404115
0.724 0.403626
0.725 0.403119
0.726 0.402646
0.727 0.402103
0.728 0.401515
0.729 0.401012
0.73 0.400312
0.731 0.399194
0.732 0.398563
0.733 0.397682
0.734 0.396873
0.735 0.396123
0.736 0.395216
0.737 0.394259
0.738 0.393556
0.739 0.392902
0.74 0.392224
0.741 0.391393
0.742 0.390518
0.743 0.389726
0.744 0.388950
0.745 0.388056
0.746 0.387306
0.747 0.386645
0.748 0.386067
0.749 0.385366
0.75 0.384745
0.751 0.384186
0.752 0.383519
0.753 0.382773
0.754 0.381918
0.755 0.381103
0.756 0.380475
0.757 0.379370
0.758 0.378492
0.759 0.377536
0.76 0.376434
0.761 0.375708
0.762 0.374751
0.763 0.373913
0.764 0.372877
0.765 0.371792
0.766 0.370878
0.767 0.369938
0.768 0.369169
0.769 0.368248
0.77 0.367206
0.771 0.366289
0.772 0.365477
0.773 0.364326
0.774 0.363205
0.775 0.362199
0.776 0.360933
0.777 0.359819
0.778 0.359046
0.779 0.357948
0.78 0.357090
0.781 0.356002
0.782 0.354763
0.783 0.353714
0.784 0.352705
0.785 0.351761
0.786 0.350693
0.787 0.349683
0.788 0.348579
0.789 0.347441
0.79 0.346337
0.791 0.344949
0.792 0.343684
0.793 0.342526
0.794 0.341251
0.795 0.340153
0.796 0.339045
0.797 0.337690
0.798 0.336412
0.799 0.334922
0.8 0.333657
0.801 0.332417
0.802 0.331112
0.803 0.329846
0.804 0.328456
0.805 0.327058
0.806 0.325642
0.807 0.324179
0.808 0.322781
0.809 0.321443
0.81 0.319994
0.811 0.318340
0.812 0.316920
0.813 0.315536
0.814 0.314119
0.815 0.312725
0.816 0.311311
0.817 0.309799
0.818 0.308260
0.819 0.306810
0.82 0.305206
0.821 0.303845
0.822 0.302208
0.823 0.300676
0.824 0.299035
0.825 0.297441
0.826 0.295810
0.827 0.294331
0.828 0.292612
0.829 0.290820
0.83 0.289206
0.831 0.287529
0.832 0.285885
0.833 0.284347
0.834 0.282522
0.835 0.280596
0.836 0.279165
0.837 0.277410
0.838 0.275714
0.839 0.273945
0.84 0.272229
0.841 0.270585
0.842 0.268718
0.843 0.267228
0.844 0.265447
0.845 0.263734
0.846 0.261761
0.847 0.259825
0.848 0.257981
0.849 0.256163
0.85 0.254341
0.851 0.252388
0.852 0.250554
0.853 0.248611
0.854 0.247013
0.855 0.245182
0.856 0.243404
0.857 0.241405
0.858 0.239495
0.859 0.237486
0.86 0.235559
0.861 0.233689
0.862 0.231769
0.863 0.229898
0.864 0.227794
0.865 0.225799
0.866 0.223721
0.867 0.221574
0.868 0.219628
0.869 0.217524
0.87 0.215650
0.871 0.213727
0.872 0.211754
0.873 0.209703
0.874 0.207589
0.875 0.205597
0.876 0.203558
0.877 0.201402
0.878 0.199291
0.879 0.197230
0.88 0.195086
0.881 0.192910
0.882 0.190898
0.883 0.188847
0.884 0.186940
0.885 0.184859
0.886 0.182755
0.887 0.180996
0.888 0.178882
0.889 0.176693
0.89 0.174539
0.891 0.172448
0.892 0.170338
0.893 0.168069
0.894 0.165729
0.895 0.163625
0.896 0.161682
0.897 0.159512
0.898 0.157497
0.899 0.155136
0.9 0.152920
0.901 0.150803
0.902 0.148653
0.903 0.146375
0.904 0.144330
0.905 0.142140
0.906 0.140053
0.907 0.138034
0.908 0.136118
0.909 0.133941
0.91 0.131827
0.911 0.129743
0.912 0.127659
0.913 0.125489
0.914 0.123142
0.915 0.120929
0.916 0.119036
0.917 0.116862
0.918 0.114778
0.919 0.112740
0.92 0.110659
0.921 0.108746
0.922 0.106704
0.923 0.104722
0.924 0.102611
0.925 0.100500
0.926 0.098541
0.927 0.096634
0.928 0.094491
0.929 0.092515
0.93 0.090516
0.931 0.088448
0.932 0.086255
0.933 0.084082
0.934 0.082287
0.935 0.080341
0.936 0.078329
0.937 0.076366
0.938 0.074486
0.939 0.072576
0.94 0.070610
0.941 0.068641
0.942 0.066612
0.943 0.064715
0.944 0.062851
0.945 0.060912
0.946 0.059038
0.947 0.057233
0.948 0.055537
0.949 0.053791
0.95 0.051930
0.951 0.050102
0.952 0.048327
0.953 0.046680
0.954 0.045013
0.955 0.043363
0.956 0.041841
0.957 0.040217
0.958 0.038461
0.959 0.036857
0.96 0.035440
0.961 0.033914
0.962 0.032471
0.963 0.031011
0.964 0.029552
0.965 0.028063
0.966 0.026613
0.967 0.025163
0.968 0.023782
0.969 0.022461
0.97 0.021169
0.971 0.020061
0.972 0.018778
0.973 0.017490
0.974 0.016402
0.975 0.015238
0.976 0.014061
0.977 0.012989
0.978 0.011996
0.979 0.010977
0.98 0.010043
0.981 0.009100
0.982 0.008186
0.983 0.007358
0.984 0.006552
0.985 0.005799
0.986 0.005066
0.987 0.004471
0.988 0.003876
0.989 0.003248
0.99 0.002696
0.991 0.002180
0.992 0.001706
0.993 0.001361
0.994 0.000973
0.995 0.000664
0.996 0.000441
0.997 0.000253
0.998 0.000112
0.999 0.000043
