0.001 0.000026
0.002 0.000107
0.003 0.000244
0.004 0.000427
0.005 0.000665
0.006 0.000958
0.007 0.001297
0.008 0.001684
0.009 0.002122
0.01 0.002615
0.011 0.003142
0.012 0.003724
0.013 0.004351
0.014 0.005011
0.015 0.005720
0.016 0.006460
0.017 0.007260
0.018 0.008091
0.019 0.008975
0.02 0.009896
0.021 0.010842
0.022 0.011832
0.023 0.012859
0.024 0.013930
0.025 0.015007
0.026 0.016136
0.027 0.017288
0.028 0.018485
0.029 0.019717
0.03 0.020978
0.031 0.022266
0.032 0.023591
0.033 0.024947
0.034 0.026317
0.035 0.027736
0.036 0.029154
0.037 0.030597
0.038 0.032072
0.039 0.033577
0.04 0.035111
0.041 0.036672
0.042 0.038250
0.043 0.039840
0.044 0.041471
0.045 0.043133
0.046 0.044767
0.047 0.046421
0.048 0.048145
0.049 0.049860
0.05 0.051635
0.051 0.053429
0.052 0.055214
0.053 0.057003
0.054 0.058802
0.055 0.060629
0.056 0.062492
0.057 0.064353
0.058 0.066223
0.059 0.068129
0.06 0.070015
0.061 0.071929
0.062 0.073883
0.063 0.075827
0.064 0.077772
0.065 0.079736
0.066 0.081724
0.067 0.083739
0.068 0.085772
0.069 0.087810
0.07 0.089782
0.071 0.091787
0.072 0.093839
0.073 0.095913
0.074 0.097938
0.075 0.100007
0.076 0.102062
0.077 0.104141
0.078 0.106215
0.079 0.108273
0.08 0.110331
0.081 0.112427
0.082 0.114538
0.083 0.116638
0.084 0.118734
0.085 0.120855
0.086 0.122954
0.087 0.125067
0.088 0.127184
0.089 0.129290
0.09 0.131400
0.091 0.133553
0.092 0.135679
0.093 0.137811
0.094 0.139908
0.095 0.142008
0.096 0.144142
0.097 0.146229
0.098 0.148333
0.099 0.150418
0.1 0.152554
0.101 0.154717
0.102 0.156859
0.103 0.158974
0.104 0.161104
0.105 0.163195
0.106 0.165291
0.107 0.167447
0.108 0.169583
0.109 0.171688
0.11 0.173756
0.111 0.175839
0.112 0.177899
0.113 0.179975
0.114 0.182054
0.115 0.184155
0.116 0.186245
0.117 0.188358
0.118 0.190429
0.119 0.192451
0.12 0.194489
0.121 0.196547
0.122 0.198599
0.123 0.200640
0.124 0.202644
0.125 0.204621
0.126 0.206603
0.127 0.208634
0.128 0.210626
0.129 0.212620
0.13 0.214610
0.131 0.216615
0.132 0.218546
0.133 0.220512
0.134 0.222474
0.135 0.224442
0.136 0.226406
0.137 0.228287
0.138 0.230204
0.139 0.232134
0.14 0.234058
0.141 0.235961
0.142 0.237812
0.143 0.239686
0.144 0.241511
0.145 0.243361
0.146 0.245188
0.147 0.247072
0.148 0.248929
0.149 0.250814
0.15 0.252624
0.151 0.254418
0.152 0.256241
0.153 0.258049
0.154 0.259868
0.155 0.261631
0.156 0.263411
0.157 0.265147
0.158 0.266924
0.159 0.268710
0.16 0.270471
0.161 0.272198
0.162 0.273926
0.163 0.275624
0.164 0.277330
0.165 0.278995
0.166 0.280689
0.167 0.282347
0.168 0.284025
0.169 0.285647
0.17 0.287259
0.171 0.288873
0.172 0.290543
0.173 0.292144
0.174 0.293745
0.175 0.295321
0.176 0.296916
0.177 0.298478
0.178 0.300051
0.179 0.301591
0.18 0.303167
0.181 0.304697
0.182 0.306219
0.183 0.307721
0.184 0.309230
0.185 0.310713
0.186 0.312179
0.187 0.313637
0.188 0.315116
0.189 0.316509
0.19 0.317895
0.191 0.319335
0.192 0.320720
0.193 0.322106
0.194 0.323463
0.195 0.324832
0.196 0.326225
0.197 0.327540
0.198 0.328897
0.199 0.330208
0.2 0.331547
0.201 0.332848
0.202 0.334178
0.203 0.335482
0.204 0.336779
0.205 0.337998
0.206 0.339304
0.207 0.340510
0.208 0.341719
0.209 0.342964
0.21 0.344170
0.211 0.345348
0.212 0.346547
0.213 0.347793
0.214 0.348958
0.215 0.350129
0.216 0.351327
0.217 0.352488
0.218 0.353662
0.219 0.354783
0.22 0.355841
0.221 0.356945
0.222 0.358060
0.223 0.359135
0.224 0.360215
0.225 0.361292
0.226 0.362379
0.227 0.363342
0.228 0.364314
0.229 0.365337
0.23 0.366385
0.231 0.367407
0.232 0.368425
0.233 0.369401
0.234 0.370369
0.235 0.371366
0.236 0.372316
0.237 0.373255
0.238 0.374236
0.239 0.375141
0.24 0.376052
0.241 0.376988
0.242 0.377875
0.243 0.378796
0.244 0.379654
0.245 0.380515
0.246 0.381359
0.247 0.382198
0.248 0.383020
0.249 0.383868
0.25 0.384666
0.251 0.385497
0.252 0.386352
0.253 0.387129
0.254 0.387951
0.255 0.388720
0.256 0.389507
0.257 0.390260
0.258 0.391048
0.259 0.391801
0.26 0.392487
0.261 0.393186
0.262 0.393869
0.263 0.394548
0.264 0.395215
0.265 0.395910
0.266 0.396542
0.267 0.397230
0.268 0.397947
0.269 0.398601
0.27 0.399183
0.271 0.399821
0.272 0.400454
0.273 0.401041
0.274 0.401698
0.275 0.402307
0.276 0.402943
0.277 0.403525
0.278 0.404136
0.279 0.404716
0.28 0.405295
0.281 0.405901
0.282 0.406479
0.283 0.407033
0.284 0.407625
0.285 0.408185
0.286 0.408748
0.287 0.409233
0.288 0.409745
0.289 0.410230
0.29 0.410755
0.291 0.411273
0.292 0.411733
0.293 0.412238
0.294 0.412761
0.295 0.413210
0.296 0.413651
0.297 0.414115
0.298 0.414610
0.299 0.415084
0.3 0.415543
0.301 0.415942
0.302 0.416346
0.303 0.416782
0.304 0.417223
0.305 0.417614
0.306 0.417974
0.307 0.418366
0.308 0.418769
0.309 0.419177
0.31 0.419563
0.311 0.419920
0.312 0.420238
0.313 0.420628
0.314 0.420983
0.315 0.421308
0.316 0.421653
0.317 0.422001
0.318 0.422322
0.319 0.422667
0.32 0.422952
0.321 0.423276
0.322 0.423550
0.323 0.423860
0.324 0.424157
0.325 0.424473
0.326 0.424731
0.327 0.425010
0.328 0.425272
0.329 0.425552
0.33 0.425813
0.331 0.426011
0.332 0.426267
0.333 0.426522
0.334 0.426839
0.335 0.427129
0.336 0.427431
0.337 0.427662
0.338 0.427882
0.339 0.428120
0.34 0.428378
0.341 0.428645
0.342 0.428834
0.343 0.429016
0.344 0.429209
0.345 0.429450
0.346 0.429660
0.347 0.429853
0.348 0.430044
0.349 0.430204
0.35 0.430434
0.351 0.430624
0.352 0.430792
0.353 0.430956
0.354 0.431149
0.355 0.431283
0.356 0.431456
0.357 0.431590
0.358 0.431746
0.359 0.431911
0.36 0.432081
0.361 0.432187
0.362 0.432321
0.363 0.432501
0.364 0.432632
0.365 0.432786
0.366 0.432885
0.367 0.433022
0.368 0.433098
0.369 0.433228
0.37 0.433371
0.371 0.433500
0.372 0.433628
0.373 0.433729
0.374 0.433774
0.375 0.433870
0.376 0.433960
0.377 0.434108
0.378 0.434193
0.379 0.434284
0.38 0.434345
0.381 0.434430
0.382 0.434479
0.383 0.434565
0.384 0.434637
0.385 0.434678
0.386 0.434742
0.387 0.434819
0.388 0.434933
0.389 0.434978
0.39 0.435046
0.391 0.435175
0.392 0.435265
0.393 0.435356
0.394 0.435418
0.395 0.435483
0.396 0.435587
0.397 0.435612
0.398 0.435686
0.399 0.435763
0.4 0.435805
0.401 0.435883
0.402 0.435896
0.403 0.435962
0.404 0.436005
0.405 0.436050
0.406 0.436041
0.407 0.436082
0.408 0.436145
0.409 0.436175
0.41 0.436223
0.411 0.436312
0.412 0.436349
0.413 0.436419
0.414 0.436423
0.415 0.436446
0.416 0.436506
0.417 0.436540
0.418 0.436542
0.419 0.436583
0.42 0.436610
0.421 0.436668
0.422 0.436750
0.423 0.436770
0.424 0.436800
0.425 0.436869
0.426 0.436901
0.427 0.436923
0.428 0.436947
0.429 0.436982
0.43 0.436994
0.431 0.437007
0.432 0.437062
0.433 0.437048
0.434 0.437044
0.435 0.437066
0.436 0.437059
0.437 0.437057
0.438 0.437056
0.439 0.437078
0.44 0.437077
0.441 0.437086
0.442 0.437123
0.443 0.437164
0.444 0.437196
0.445 0.437179
0.446 0.437202
0.447 0.437220
0.448 0.437197
0.449 0.437247
0.45 0.437284
0.451 0.437323
0.452 0.437358
0.453 0.437383
0.454 0.437412
0.455 0.437439
0.456 0.437472
0.457 0.437514
0.458 0.437492
0.459 0.437507
0.46 0.437495
0.461 0.437493
0.462 0.437510
0.463 0.437500
0.464 0.437542
0.465 0.437541
0.466 0.437508
0.467 0.437533
0.468 0.437573
0.469 0.437562
0.47 0.437540
0.471 0.437587
0.472 0.437589
0.473 0.437701
0.474 0.437694
0.475 0.437658
0.476 0.437653
0.477 0.437689
0.478 0.437644
0.479 0.437644
0.48 0.437634
0.481 0.437626
0.482 0.437665
0.483 0.437655
0.484 0.437732
0.485 0.437742
0.486 0.437721
0.487 0.437696
0.488 0.437677
0.489 0.437686
0.49 0.437712
0.491 0.437751
0.492 0.437702
0.493 0.437757
0.494 0.437780
0.495 0.437735
0.496 0.437749
0.497 0.437717
0.498 0.437735
0.499 0.437765
0.5 0.437768
0.501 0.437722
0.502 0.437722
0.503 0.437673
0.504 0.437612
0.505 0.437574
0.506 0.437574
0.507 0.437556
0.508 0.437543
0.509 0.437518
0.51 0.437545
0.511 0.437570
0.512 0.437577
0.513 0.437556
0.514 0.437490
0.515 0.437516
0.516 0.437529
0.517 0.437552
0.518 0.437514
0.519 0.437492
0.52 0.437545
0.521 0.437556
0.522 0.437582
0.523 0.437592
0.524 0.437587
0.525 0.437575
0.526 0.437574
0.527 0.437527
0.528 0.437545
0.529 0.437547
0.53 0.437544
0.531 0.437518
0.532 0.437556
0.533 0.437572
0.534 0.437602
0.535 0.437582
0.536 0.437584
0.537 0.437562
0.538 0.437589
0.539 0.437580
0.54 0.437551
0.541 0.437552
0.542 0.437543
0.543 0.437558
0.544 0.437591
0.545 0.437590
0.546 0.437569
0.547 0.437577
0.548 0.437606
0.549 0.437640
0.55 0.437628
0.551 0.437601
0.552 0.437601
0.553 0.437642
0.554 0.437625
0.555 0.437597
0.556 0.437549
0.557 0.437553
0.558 0.437564
0.559 0.437501
0.56 0.437481
0.561 0.437452
0.562 0.437428
0.563 0.437386
0.564 0.437294
0.565 0.437275
0.566 0.437257
0.567 0.437226
0.568 0.437208
0.569 0.437188
0.57 0.437148
0.571 0.437146
0.572 0.437126
0.573 0.437086
0.574 0.437023
0.575 0.436943
0.576 0.436901
0.577 0.436850
0.578 0.436850
0.579 0.436817
0.58 0.436823
0.581 0.436774
0.582 0.436724
0.583 0.436702
0.584 0.436663
0.585 0.436646
0.586 0.436590
0.587 0.436546
0.588 0.436496
0.589 0.436440
0.59 0.436421
0.591 0.436367
0.592 0.436337
0.593 0.436321
0.594 0.436282
0.595 0.436190
0.596 0.436159
0.597 0.436171
0.598 0.436113
0.599 0.435985
0.6 0.435920
0.601 0.435861
0.602 0.435795
0.603 0.435762
0.604 0.435709
0.605 0.435691
0.606 0.435675
0.607 0.435585
0.608 0.435517
0.609 0.435422
0.61 0.435354
0.611 0.435266
0.612 0.435229
0.613 0.435134
0.614 0.435062
0.615 0.434986
0.616 0.434855
0.617 0.434762
0.618 0.434658
0.619 0.434550
0.62 0.434427
0.621 0.434284
0.622 0.434176
0.623 0.434025
0.624 0.433923
0.625 0.433798
0.626 0.433709
0.627 0.433614
0.628 0.433470
0.629 0.433349
0.63 0.433224
0.631 0.433081
0.632 0.432939
0.633 0.432788
0.634 0.432708
0.635 0.432535
0.636 0.432482
0.637 0.432367
0.638 0.432283
0.639 0.432168
0.64 0.432021
0.641 0.431932
0.642 0.431814
0.643 0.431667
0.644 0.431519
0.645 0.431339
0.646 0.431173
0.647 0.430995
0.648 0.430851
0.649 0.430667
0.65 0.430476
0.651 0.430260
0.652 0.430110
0.653 0.429924
0.654 0.429757
0.655 0.429529
0.656 0.429330
0.657 0.429133
0.658 0.428832
0.659 0.428583
0.66 0.428341
0.661 0.428136
0.662 0.427939
0.663 0.427701
0.664 0.427449
0.665 0.427196
0.666 0.426947
0.667 0.426736
0.668 0.426520
0.669 0.426272
0.67 0.426044
0.671 0.425822
0.672 0.425501
0.673 0.425205
0.674 0.424935
0.675 0.424628
0.676 0.424362
0.677 0.424031
0.678 0.423728
0.679 0.423444
0.68 0.423116
0.681 0.422802
0.682 0.422464
0.683 0.422109
0.684 0.421735
0.685 0.421330
0.686 0.420989
0.687 0.420628
0.688 0.420291
0.689 0.419894
0.69 0.419524
0.691 0.419100
0.692 0.418712
0.693 0.418317
0.694 0.417962
0.695 0.417600
0.696 0.417220
0.697 0.416814
0.698 0.416374
0.699 0.415925
0.7 0.415415
0.701 0.414979
0.702 0.414574
0.703 0.414122
0.704 0.413647
0.705 0.413227
0.706 0.412771
0.707 0.412257
0.708 0.411776
0.709 0.411234
0.71 0.410723
0.711 0.410208
0.712 0.409726
0.713 0.409177
0.714 0.408680
0.715 0.408152
0.716 0.407619
0.717 0.407122
0.718 0.406553
0.719 0.405973
0.72 0.405364
0.721 0.404806
0.722 0.404186
0.723 0.403567
0.724 0.402913
0.725 0.402256
0.726 0.401704
0.727 0.401059
0.728 0.400376
0.729 0.399713
0.73 0.399054
0.731 0.398391
0.732 0.397749
0.733 0.397079
0.734 0.396418
0.735 0.395745
0.736 0.395041
0.737 0.394327
0.738 0.393632
0.739 0.392932
0.74 0.392210
0.741 0.391457
0.742 0.390734
0.743 0.389991
0.744 0.389251
0.745 0.388440
0.746 0.387664
0.747 0.386907
0.748 0.386111
0.749 0.385349
0.75 0.384523
0.751 0.383744
0.752 0.382919
0.753 0.382091
0.754 0.381253
0.755 0.380362
0.756 0.379535
0.757 0.378636
0.758 0.377696
0.759 0.376787
0.76 0.375900
0.761 0.375014
0.762 0.374104
0.763 0.373148
0.764 0.372201
0.765 0.371258
0.766 0.370372
0.767 0.369354
0.768 0.368384
0.769 0.367393
0.77 0.366363
0.771 0.365367
0.772 0.364287
0.773 0.363285
0.774 0.362231
0.775 0.361200
0.776 0.360096
0.777 0.359021
0.778 0.357908
0.779 0.356819
0.78 0.355771
0.781 0.354652
0.782 0.353524
0.783 0.352377
0.784 0.351229
0.785 0.350072
0.786 0.348936
0.787 0.347787
0.788 0.346612
0.789 0.345465
0.79 0.344261
0.791 0.343067
0.792 0.341860
0.793 0.340641
0.794 0.339364
0.795 0.338113
0.796 0.336852
0.797 0.335557
0.798 0.334317
0.799 0.332985
0.8 0.331664
0.801 0.330379
0.802 0.329053
0.803 0.327690
0.804 0.326387
0.805 0.325005
0.806 0.323652
0.807 0.322227
0.808 0.320803
0.809 0.319365
0.81 0.317930
0.811 0.316518
0.812 0.315121
0.813 0.313696
0.814 0.312216
0.815 0.310721
0.816 0.309228
0.817 0.307727
0.818 0.306244
0.819 0.304741
0.82 0.303193
0.821 0.301657
0.822 0.300101
0.823 0.298553
0.824 0.296971
0.825 0.295417
0.826 0.293815
0.827 0.292228
0.828 0.290663
0.829 0.289050
0.83 0.287368
0.831 0.285708
0.832 0.284066
0.833 0.282444
0.834 0.280769
0.835 0.279063
0.836 0.277390
0.837 0.275699
0.838 0.273987
0.839 0.272270
0.84 0.270526
0.841 0.268802
0.842 0.267030
0.843 0.265256
0.844 0.263529
0.845 0.261769
0.846 0.259982
0.847 0.258181
0.848 0.256398
0.849 0.254582
0.85 0.252741
0.851 0.250915
0.852 0.249075
0.853 0.247194
0.854 0.245419
0.855 0.243554
0.856 0.241684
0.857 0.239776
0.858 0.237845
0.859 0.235940
0.86 0.234036
0.861 0.232115
0.862 0.230202
0.863 0.228267
0.864 0.226344
0.865 0.224408
0.866 0.222465
0.867 0.220504
0.868 0.218560
0.869 0.216599
0.87 0.214610
0.871 0.212673
0.872 0.210704
0.873 0.208680
0.874 0.206654
0.875 0.204668
0.876 0.202643
0.877 0.200565
0.878 0.198520
0.879 0.196484
0.88 0.194411
0.881 0.192342
0.882 0.190262
0.883 0.188171
0.884 0.186109
0.885 0.184036
0.886 0.181936
0.887 0.179851
0.888 0.177745
0.889 0.175635
0.89 0.173567
0.891 0.171493
0.892 0.169393
0.893 0.167257
0.894 0.165125
0.895 0.163034
0.896 0.160928
0.897 0.158831
0.898 0.156725
0.899 0.154579
0.9 0.152431
0.901 0.150269
0.902 0.148139
0.903 0.146022
0.904 0.143900
0.905 0.141779
0.906 0.139680
0.907 0.137551
0.908 0.135441
0.909 0.133328
0.91 0.131161
0.911 0.129063
0.912 0.126951
0.913 0.124844
0.914 0.122705
0.915 0.120605
0.916 0.118514
0.917 0.116412
0.918 0.114319
0.919 0.112267
0.92 0.110135
0.921 0.108074
0.922 0.105993
0.923 0.103954
0.924 0.101912
0.925 0.099846
0.926 0.097791
0.927 0.095780
0.928 0.093761
0.929 0.091743
0.93 0.089748
0.931 0.087723
0.932 0.085722
0.933 0.083712
0.934 0.081754
0.935 0.079753
0.936 0.077761
0.937 0.075790
0.938 0.073846
0.939 0.071939
0.94 0.070024
0.941 0.068113
0.942 0.066193
0.943 0.064303
0.944 0.062459
0.945 0.060616
0.946 0.058813
0.947 0.057025
0.948 0.055243
0.949 0.053447
0.95 0.051657
0.951 0.049887
0.952 0.048191
0.953 0.046492
0.954 0.044821
0.955 0.043139
0.956 0.041501
0.957 0.039881
0.958 0.038286
0.959 0.036715
0.96 0.035162
0.961 0.033620
0.962 0.032091
0.963 0.030616
0.964 0.029152
0.965 0.027740
0.966 0.026309
0.967 0.024924
0.968 0.023569
0.969 0.022259
0.97 0.020952
0.971 0.019724
0.972 0.018507
0.973 0.017311
0.974 0.016158
0.975 0.015033
0.976 0.013959
0.977 0.012880
0.978 0.011862
0.979 0.010877
0.98 0.009928
0.981 0.009006
0.982 0.008143
0.983 0.007314
0.984 0.006529
0.985 0.005768
0.986 0.005038
0.987 0.004370
0.988 0.003741
0.989 0.003155
0.99 0.002611
0.991 0.002126
0.992 0.001691
0.993 0.001309
0.994 0.000971
0.995 0.000671
0.996 0.000429
0.997 0.000248
0.998 0.000110
0.999 0.000028
