0.001 3.626244

0.002 3.703878

0.003 3.771237

0.004 3.835934

0.005 3.895885

0.006 3.956965

0.007 4.012431

0.008 4.067257

0.009 4.118987

0.01 4.170506

0.011 4.221667

0.012 4.273169

0.013 4.324062

0.014 4.371541

0.015 4.417469

0.016 4.463420

0.017 4.506530

0.018 4.550610

0.019 4.594010

0.02 4.637721

0.021 4.681504

0.022 4.722703

0.023 4.761466

0.024 4.801942

0.025 4.842507

0.026 4.880047

0.027 4.918496

0.028 4.956026

0.029 4.992467

0.03 5.029688

0.031 5.067845

0.032 5.105289

0.033 5.140272

0.034 5.174932

0.035 5.208877

0.036 5.243343

0.037 5.277404

0.038 5.309468

0.039 5.341546

0.04 5.371729

0.041 5.404543

0.042 5.435753

0.043 5.468430

0.044 5.500194

0.045 5.530160

0.046 5.561549

0.047 5.591449

0.048 5.622332

0.049 5.651550

0.05 5.679591

0.051 5.707774

0.052 5.736255

0.053 5.763641

0.054 5.791693

0.055 5.820635

0.056 5.847228

0.057 5.873586

0.058 5.899648

0.059 5.924555

0.06 5.948697

0.061 5.974002

0.062 5.999659

0.063 6.023403

0.064 6.046457

0.065 6.070559

0.066 6.093359

0.067 6.116675

0.068 6.138293

0.069 6.160163

0.07 6.183621

0.071 6.206633

0.072 6.228852

0.073 6.251094

0.074 6.272922

0.075 6.294535

0.076 6.315199

0.077 6.336283

0.078 6.356740

0.079 6.376841

0.08 6.397289

0.081 6.416090

0.082 6.436680

0.083 6.456064

0.084 6.474630

0.085 6.493170

0.086 6.512313

0.087 6.529500

0.088 6.549755

0.089 6.567922

0.09 6.586965

0.091 6.604444

0.092 6.623096

0.093 6.640482

0.094 6.657484

0.095 6.674440

0.096 6.691306

0.097 6.707118

0.098 6.723543

0.099 6.739502

0.1 6.754807

0.101 6.770428

0.102 6.785180

0.103 6.800640

0.104 6.816240

0.105 6.830916

0.106 6.845905

0.107 6.860772

0.108 6.875672

0.109 6.890269

0.11 6.904326

0.111 6.918852

0.112 6.933145

0.113 6.946824

0.114 6.960697

0.115 6.973703

0.116 6.986801

0.117 6.999838

0.118 7.012863

0.119 7.025826

0.12 7.037080

0.121 7.050130

0.122 7.061780

0.123 7.073838

0.124 7.085492

0.125 7.097008

0.126 7.108489

0.127 7.120375

0.128 7.131836

0.129 7.143461

0.13 7.154586

0.131 7.165702

0.132 7.177046

0.133 7.187875

0.134 7.198507

0.135 7.209248

0.136 7.219708

0.137 7.230348

0.138 7.240282

0.139 7.250207

0.14 7.260181

0.141 7.270213

0.142 7.279737

0.143 7.289193

0.144 7.298504

0.145 7.308157

0.146 7.317291

0.147 7.326365

0.148 7.335599

0.149 7.344372

0.15 7.353230

0.151 7.361864

0.152 7.369980

0.153 7.377933

0.154 7.386501

0.155 7.394718

0.156 7.402539

0.157 7.410504

0.158 7.418270

0.159 7.426194

0.16 7.433752

0.161 7.441454

0.162 7.448942

0.163 7.456447

0.164 7.463890

0.165 7.471263

0.166 7.478413

0.167 7.485825

0.168 7.492824

0.169 7.499879

0.17 7.506582

0.171 7.512988

0.172 7.519349

0.173 7.526072

0.174 7.532717

0.175 7.538833

0.176 7.544945

0.177 7.551222

0.178 7.557165

0.179 7.563155

0.18 7.569273

0.181 7.575104

0.182 7.580719

0.183 7.586453

0.184 7.591948

0.185 7.597204

0.186 7.603085

0.187 7.608465

0.188 7.613723

0.189 7.619148

0.19 7.624404

0.191 7.629676

0.192 7.634956

0.193 7.640151

0.194 7.645202

0.195 7.650302

0.196 7.654961

0.197 7.659698

0.198 7.664689

0.199 7.669122

0.2 7.673238

0.201 7.677249

0.202 7.681297

0.203 7.685656

0.204 7.689647

0.205 7.694017

0.206 7.698268

0.207 7.702244

0.208 7.706528

0.209 7.710627

0.21 7.714633

0.211 7.718523

0.212 7.722369

0.213 7.726182

0.214 7.729681

0.215 7.733213

0.216 7.736987

0.217 7.740879

0.218 7.744562

0.219 7.748067

0.22 7.751213

0.221 7.754445

0.222 7.757814

0.223 7.761070

0.224 7.764536

0.225 7.767623

0.226 7.770953

0.227 7.774108

0.228 7.777156

0.229 7.780196

0.23 7.783225

0.231 7.786680

0.232 7.789474

0.233 7.792242

0.234 7.795577

0.235 7.798461

0.236 7.801215

0.237 7.803883

0.238 7.807004

0.239 7.809809

0.24 7.812317

0.241 7.814812

0.242 7.817459

0.243 7.819997

0.244 7.822253

0.245 7.824700

0.246 7.827265

0.247 7.829706

0.248 7.832072

0.249 7.834309

0.25 7.836455

0.251 7.838785

0.252 7.840851

0.253 7.842857

0.254 7.845014

0.255 7.846974

0.256 7.848913

0.257 7.851226

0.258 7.853243

0.259 7.855263

0.26 7.857331

0.261 7.859360

0.262 7.861263

0.263 7.863195

0.264 7.865258

0.265 7.867089

0.266 7.869013

0.267 7.870705

0.268 7.872590

0.269 7.874284

0.27 7.875972

0.271 7.877592

0.272 7.879369

0.273 7.880980

0.274 7.882682

0.275 7.884194

0.276 7.885727

0.277 7.887233

0.278 7.888796

0.279 7.890275

0.28 7.891897

0.281 7.893425

0.282 7.895051

0.283 7.896488

0.284 7.897982

0.285 7.899380

0.286 7.900929

0.287 7.902346

0.288 7.903700

0.289 7.904923

0.29 7.906257

0.291 7.907576

0.292 7.908819

0.293 7.909998

0.294 7.911318

0.295 7.912623

0.296 7.913793

0.297 7.914910

0.298 7.916120

0.299 7.917408

0.3 7.918590

0.301 7.919838

0.302 7.920849

0.303 7.922020

0.304 7.923062

0.305 7.924147

0.306 7.925229

0.307 7.926192

0.308 7.927235

0.309 7.928321

0.31 7.929198

0.311 7.930219

0.312 7.931252

0.313 7.932227

0.314 7.933153

0.315 7.934076

0.316 7.935080

0.317 7.935920

0.318 7.936756

0.319 7.937622

0.32 7.938361

0.321 7.939221

0.322 7.940149

0.323 7.941011

0.324 7.941899

0.325 7.942765

0.326 7.943518

0.327 7.944415

0.328 7.945302

0.329 7.946055

0.33 7.946919

0.331 7.947790

0.332 7.948551

0.333 7.949270

0.334 7.950069

0.335 7.950827

0.336 7.951591

0.337 7.952280

0.338 7.952935

0.339 7.953701

0.34 7.954422

0.341 7.955217

0.342 7.955926

0.343 7.956553

0.344 7.957238

0.345 7.958038

0.346 7.958646

0.347 7.959263

0.348 7.959818

0.349 7.960479

0.35 7.961090

0.351 7.961652

0.352 7.962206

0.353 7.962762

0.354 7.963475

0.355 7.964050

0.356 7.964635

0.357 7.965169

0.358 7.965738

0.359 7.966277

0.36 7.966866

0.361 7.967367

0.362 7.967912

0.363 7.968504

0.364 7.969066

0.365 7.969516

0.366 7.970087

0.367 7.970563

0.368 7.971002

0.369 7.971515

0.37 7.972060

0.371 7.972476

0.372 7.972937

0.373 7.973431

0.374 7.973857

0.375 7.974319

0.376 7.974677

0.377 7.975078

0.378 7.975467

0.379 7.975889

0.38 7.976323

0.381 7.976808

0.382 7.977206

0.383 7.977596

0.384 7.978029

0.385 7.978444

0.386 7.978785

0.387 7.979142

0.388 7.979546

0.389 7.979910

0.39 7.980191

0.391 7.980518

0.392 7.980950

0.393 7.981337

0.394 7.981768

0.395 7.982071

0.396 7.982448

0.397 7.982771

0.398 7.983104

0.399 7.983442

0.4 7.983800

0.401 7.984101

0.402 7.984425

0.403 7.984716

0.404 7.985068

0.405 7.985343

0.406 7.985611

0.407 7.985915

0.408 7.986199

0.409 7.986549

0.41 7.986851

0.411 7.987156

0.412 7.987443

0.413 7.987715

0.414 7.987969

0.415 7.988241

0.416 7.988494

0.417 7.988752

0.418 7.989006

0.419 7.989266

0.42 7.989508

0.421 7.989763

0.422 7.990063

0.423 7.990365

0.424 7.990605

0.425 7.990862

0.426 7.991071

0.427 7.991299

0.428 7.991550

0.429 7.991759

0.43 7.991954

0.431 7.992174

0.432 7.992373

0.433 7.992552

0.434 7.992752

0.435 7.992922

0.436 7.993104

0.437 7.993271

0.438 7.993511

0.439 7.993670

0.44 7.993875

0.441 7.994033

0.442 7.994201

0.443 7.994369

0.444 7.994473

0.445 7.994672

0.446 7.994852

0.447 7.994986

0.448 7.995140

0.449 7.995298

0.45 7.995432

0.451 7.995555

0.452 7.995714

0.453 7.995841

0.454 7.996001

0.455 7.996167

0.456 7.996307

0.457 7.996412

0.458 7.996548

0.459 7.996646

0.46 7.996789

0.461 7.996908

0.462 7.997001

0.463 7.997130

0.464 7.997245

0.465 7.997358

0.466 7.997456

0.467 7.997535

0.468 7.997621

0.469 7.997707

0.47 7.997796

0.471 7.997882

0.472 7.997977

0.473 7.998067

0.474 7.998162

0.475 7.998215

0.476 7.998298

0.477 7.998349

0.478 7.998417

0.479 7.998461

0.48 7.998536

0.481 7.998575

0.482 7.998622

0.483 7.998703

0.484 7.998759

0.485 7.998779

0.486 7.998843

0.487 7.998889

0.488 7.998896

0.489 7.998907

0.49 7.998946

0.491 7.998982

0.492 7.999034

0.493 7.999047

0.494 7.999068

0.495 7.999078

0.496 7.999102

0.497 7.999123

0.498 7.999141

0.499 7.999143

0.5 7.999157

0.501 7.999140

0.502 7.999145

0.503 7.999127

0.504 7.999138

0.505 7.999125

0.506 7.999111

0.507 7.999123

0.508 7.999086

0.509 7.999051

0.51 7.999021

0.511 7.998989

0.512 7.998983

0.513 7.998948

0.514 7.998860

0.515 7.998824

0.516 7.998774

0.517 7.998741

0.518 7.998665

0.519 7.998612

0.52 7.998545

0.521 7.998497

0.522 7.998421

0.523 7.998351

0.524 7.998287

0.525 7.998220

0.526 7.998159

0.527 7.998102

0.528 7.998017

0.529 7.997928

0.53 7.997849

0.531 7.997770

0.532 7.997689

0.533 7.997581

0.534 7.997497

0.535 7.997393

0.536 7.997313

0.537 7.997226

0.538 7.997124

0.539 7.997016

0.54 7.996893

0.541 7.996779

0.542 7.996635

0.543 7.996473

0.544 7.996350

0.545 7.996190

0.546 7.996037

0.547 7.995886

0.548 7.995705

0.549 7.995558

0.55 7.995398

0.551 7.995235

0.552 7.995032

0.553 7.994889

0.554 7.994727

0.555 7.994537

0.556 7.994413

0.557 7.994244

0.558 7.994067

0.559 7.993901

0.56 7.993681

0.561 7.993519

0.562 7.993333

0.563 7.993145

0.564 7.992933

0.565 7.992722

0.566 7.992531

0.567 7.992284

0.568 7.992062

0.569 7.991854

0.57 7.991614

0.571 7.991405

0.572 7.991197

0.573 7.990940

0.574 7.990759

0.575 7.990547

0.576 7.990374

0.577 7.990178

0.578 7.989924

0.579 7.989676

0.58 7.989395

0.581 7.989145

0.582 7.988873

0.583 7.988597

0.584 7.988317

0.585 7.988006

0.586 7.987723

0.587 7.987428

0.588 7.987189

0.589 7.986935

0.59 7.986643

0.591 7.986349

0.592 7.986146

0.593 7.985893

0.594 7.985591

0.595 7.985241

0.596 7.984886

0.597 7.984576

0.598 7.984288

0.599 7.983941

0.6 7.983598

0.601 7.983229

0.602 7.982935

0.603 7.982556

0.604 7.982224

0.605 7.981901

0.606 7.981533

0.607 7.981193

0.608 7.980804

0.609 7.980418

0.61 7.980001

0.611 7.979615

0.612 7.979268

0.613 7.978882

0.614 7.978463

0.615 7.978108

0.616 7.977668

0.617 7.977174

0.618 7.976692

0.619 7.976253

0.62 7.975811

0.621 7.975313

0.622 7.974904

0.623 7.974499

0.624 7.974001

0.625 7.973531

0.626 7.973070

0.627 7.972588

0.628 7.972148

0.629 7.971692

0.63 7.971227

0.631 7.970758

0.632 7.970307

0.633 7.969809

0.634 7.969370

0.635 7.968859

0.636 7.968387

0.637 7.967868

0.638 7.967366

0.639 7.966862

0.64 7.966377

0.641 7.965777

0.642 7.965287

0.643 7.964724

0.644 7.964158

0.645 7.963583

0.646 7.963056

0.647 7.962450

0.648 7.961906

0.649 7.961375

0.65 7.960833

0.651 7.960262

0.652 7.959635

0.653 7.959032

0.654 7.958457

0.655 7.957864

0.656 7.957278

0.657 7.956583

0.658 7.955984

0.659 7.955314

0.66 7.954626

0.661 7.953972

0.662 7.953250

0.663 7.952533

0.664 7.951790

0.665 7.951006

0.666 7.950334

0.667 7.949511

0.668 7.948771

0.669 7.947924

0.67 7.947231

0.671 7.946408

0.672 7.945643

0.673 7.944801

0.674 7.943903

0.675 7.943021

0.676 7.942248

0.677 7.941377

0.678 7.940562

0.679 7.939763

0.68 7.938869

0.681 7.937932

0.682 7.936945

0.683 7.936039

0.684 7.935094

0.685 7.934307

0.686 7.933392

0.687 7.932463

0.688 7.931277

0.689 7.930283

0.69 7.929253

0.691 7.928273

0.692 7.927178

0.693 7.926036

0.694 7.924835

0.695 7.923800

0.696 7.922797

0.697 7.921704

0.698 7.920775

0.699 7.919537

0.7 7.918235

0.701 7.916999

0.702 7.915754

0.703 7.914618

0.704 7.913446

0.705 7.912320

0.706 7.911039

0.707 7.909935

0.708 7.908610

0.709 7.907306

0.71 7.906032

0.711 7.904546

0.712 7.903206

0.713 7.901884

0.714 7.900580

0.715 7.899353

0.716 7.897886

0.717 7.896530

0.718 7.895029

0.719 7.893493

0.72 7.891915

0.721 7.890388

0.722 7.888713

0.723 7.887217

0.724 7.885683

0.725 7.884030

0.726 7.882493

0.727 7.880941

0.728 7.879455

0.729 7.877748

0.73 7.876029

0.731 7.874070

0.732 7.872452

0.733 7.870785

0.734 7.868886

0.735 7.866940

0.736 7.865327

0.737 7.863452

0.738 7.861549

0.739 7.859681

0.74 7.857730

0.741 7.855706

0.742 7.853622

0.743 7.851531

0.744 7.849513

0.745 7.847299

0.746 7.845004

0.747 7.842985

0.748 7.840997

0.749 7.838708

0.75 7.836744

0.751 7.834544

0.752 7.832288

0.753 7.830022

0.754 7.827530

0.755 7.825029

0.756 7.822535

0.757 7.820137

0.758 7.817565

0.759 7.815038

0.76 7.812239

0.761 7.809544

0.762 7.806828

0.763 7.803679

0.764 7.800793

0.765 7.797812

0.766 7.795069

0.767 7.792275

0.768 7.789368

0.769 7.786662

0.77 7.783575

0.771 7.780860

0.772 7.777996

0.773 7.774982

0.774 7.771758

0.775 7.768791

0.776 7.765482

0.777 7.762147

0.778 7.759199

0.779 7.755821

0.78 7.752554

0.781 7.748704

0.782 7.745416

0.783 7.741896

0.784 7.738327

0.785 7.734763

0.786 7.731300

0.787 7.727530

0.788 7.724137

0.789 7.720718

0.79 7.716980

0.791 7.713387

0.792 7.709798

0.793 7.705923

0.794 7.701796

0.795 7.697693

0.796 7.693537

0.797 7.689099

0.798 7.684507

0.799 7.680291

0.8 7.676039

0.801 7.671773

0.802 7.667346

0.803 7.662531

0.804 7.657606

0.805 7.652949

0.806 7.648131

0.807 7.643297

0.808 7.638162

0.809 7.633091

0.81 7.627842

0.811 7.622385

0.812 7.617105

0.813 7.611666

0.814 7.606497

0.815 7.601041

0.816 7.595449

0.817 7.589640

0.818 7.584508

0.819 7.578853

0.82 7.572790

0.821 7.566871

0.822 7.560985

0.823 7.555031

0.824 7.548983

0.825 7.543094

0.826 7.537022

0.827 7.530577

0.828 7.524127

0.829 7.517813

0.83 7.511068

0.831 7.504617

0.832 7.497694

0.833 7.490757

0.834 7.483654

0.835 7.476552

0.836 7.469557

0.837 7.462613

0.838 7.454700

0.839 7.447542

0.84 7.440198

0.841 7.433123

0.842 7.425114

0.843 7.417125

0.844 7.408649

0.845 7.400838

0.846 7.392329

0.847 7.383788

0.848 7.374710

0.849 7.366214

0.85 7.358085

0.851 7.349280

0.852 7.340667

0.853 7.331956

0.854 7.323017

0.855 7.314603

0.856 7.306004

0.857 7.296665

0.858 7.286954

0.859 7.277178

0.86 7.267695

0.861 7.258038

0.862 7.247823

0.863 7.238550

0.864 7.228487

0.865 7.217814

0.866 7.207560

0.867 7.197075

0.868 7.186331

0.869 7.175040

0.87 7.164592

0.871 7.153715

0.872 7.141880

0.873 7.130446

0.874 7.118941

0.875 7.106695

0.876 7.094871

0.877 7.082881

0.878 7.070619

0.879 7.058698

0.88 7.046589

0.881 7.033762

0.882 7.021468

0.883 7.008486

0.884 6.995757

0.885 6.982151

0.886 6.969163

0.887 6.956269

0.888 6.942241

0.889 6.928966

0.89 6.915085

0.891 6.901267

0.892 6.886793

0.893 6.872153

0.894 6.856847

0.895 6.841581

0.896 6.826418

0.897 6.811506

0.898 6.796114

0.899 6.780961

0.9 6.765129

0.901 6.749185

0.902 6.732658

0.903 6.715479

0.904 6.698610

0.905 6.681897

0.906 6.665426

0.907 6.648568

0.908 6.631297

0.909 6.613741

0.91 6.596102

0.911 6.578107

0.912 6.559614

0.913 6.541376

0.914 6.522199

0.915 6.502222

0.916 6.483544

0.917 6.464053

0.918 6.444292

0.919 6.424984

0.92 6.404898

0.921 6.385038

0.922 6.365138

0.923 6.344567

0.924 6.323400

0.925 6.302063

0.926 6.281241

0.927 6.259936

0.928 6.238066

0.929 6.216301

0.93 6.194237

0.931 6.171157

0.932 6.148678

0.933 6.125661

0.934 6.103737

0.935 6.079956

0.936 6.056244

0.937 6.032547

0.938 6.007564

0.939 5.981982

0.94 5.956596

0.941 5.930887

0.942 5.904752

0.943 5.878362

0.944 5.851160

0.945 5.825226

0.946 5.797326

0.947 5.770996

0.948 5.743501

0.949 5.714872

0.95 5.686249

0.951 5.658668

0.952 5.628752

0.953 5.600580

0.954 5.571302

0.955 5.541047

0.956 5.511389

0.957 5.479706

0.958 5.446408

0.959 5.415398

0.96 5.383355

0.961 5.351698

0.962 5.319963

0.963 5.287687

0.964 5.254098

0.965 5.220543

0.966 5.184770

0.967 5.148898

0.968 5.113406

0.969 5.076541

0.97 5.039166

0.971 5.001954

0.972 4.964054

0.973 4.925954

0.974 4.890124

0.975 4.851144

0.976 4.810469

0.977 4.772233

0.978 4.731762

0.979 4.689326

0.98 4.647431

0.981 4.605607

0.982 4.560292

0.983 4.516100

0.984 4.470155

0.985 4.425142

0.986 4.377561

0.987 4.328893

0.988 4.278832

0.989 4.228313

0.99 4.177167

0.991 4.124978

0.992 4.070408

0.993 4.013281

0.994 3.956999

0.995 3.896660

0.996 3.834530

0.997 3.769743

0.998 3.699193

0.999 3.624667

