3                                                               3
2                                                               2
2                                                             | 0
2                                                             | 0
2                                                             | 0
2                                                             | 0
2                                                             | 0
2                                                             | 0
2                                                             | 0
2                                                             | 0
2                                                             | 0
2                                                             | 0
2                                                             | 0
2                                                             | 0
2                                                             | 0
2                                                             | 0
2                                                             | 0
2                                                             | 0
2                                                             | 0
2                                                             | 0
2                                                             | 0
2                                                             | 0
2                                                             | 0
2                                                             | 0
2                                                             | 0
2                                                             | 0
349971                                                          349971
348793                                                          348793
346607                                                          346607
345251                                                          345251
344737                                                          344737
344185                                                          344185
343381                                                          343381
343316                                                          343316
342965                                                          342965
342940                                                          342940
342829                                                          342829
340333                                                          340333
338599                                                          338599
333481                                                          333481
333431                                                          333431
331891                                                          331891
331756                                                          331756
329210                                                          329210
327675                                                          327675
326834                                                          326834
325489                                                          325489
325132                                                          325132
324976                                                          324976
324830                                                          324830
324782                                                          324782
324582                                                          324582
320681                                                          320681
320677                                                          320677
320654                                                          320654
316936                                                          316936
316935                                                          316935
316934                                                          316934
316867                                                          316867
314742                                                          314742
314741                                                          314741
314731                                                          314731
313229                                                          313229
313228                                                          313228
313226                                                          313226
310824                                                          310824
310820                                                          310820
310820                                                          310820
308251                                                          308251
308247                                                          308247
308242                                                          308242
306324                                                          306324
306322                                                          306322
306320                                                          306320
306318                                                          306318
306171                                                          306171
306169                                                          306169
299716                                                          299716
299705                                                          299705
299701                                                          299701
298189                                                          298189
298183                                                          298183
298180                                                          298180
293215                                                          293215
292079                                                          292079
292079                                                          292079
292077                                                          292077
290287                                                          290287
290282                                                          290282
290252                                                          290252
279289                                                          279289
279278                                                          279278
279277                                                          279277
276708                                                          276708
276695                                                          276695
276651                                                          276651
275154                                                          275154
275153                                                          275153
275149                                                        | 275147
275147                                                          275147
274100                                                          274100
274063                                                          274063
272611                                                          272611
272606                                                          272606
272595                                                          272595
266126                                                          266126
266124                                                          266124
266121                                                          266121
266043                                                          266043
259855                                                          259855
259828                                                          259828
259823                                                          259823
259820                                                          259820
259817                                                          259817
259815                                                          259815
257921                                                          257921
257919                                                          257919
257919                                                          257919
256718                                                          256718
256709                                                          256709
256705                                                          256705
255732                                                          255732
255727                                                          255727
255682                                                          255682
255681                                                          255681
255338                                                          255338
255330                                                          255330
255011                                                          255011
254929                                                          254929
254361                                                          254361
254068                                                          254068
253861                                                          253861
253689                                                          253689
253679                                                          253679
253572                                                          253572
253530                                                          253530
253499                                                          253499
252266                                                          252266
251163                                                          251163
248227                                                          248227
248163                                                          248163
247001                                                          247001
246689                                                          246689
246067                                                          246067
245362                                                          245362
244900                                                          244900
244224                                                          244224
243798                                                          243798
243782                                                          243782
241287                                                          241287
241139                                                          241139
241133                                                          241133
239433                                                          239433
239431                                                          239431
239423                                                          239423
239418                                                          239418
238078                                                          238078
238075                                                          238075
238074                                                          238074
236368                                                          236368
236360                                                          236360
236360                                                          236360
234383                                                          234383
234381                                                          234381
234378                                                          234378
231895                                                          231895
231890                                                          231890
231890                                                          231890
230313                                                          230313
230310                                                          230310
230305                                                          230305
229260                                                          229260
229259                                                          229259
229256                                                          229256
229256                                                          229256
229242                                                          229242
229240                                                          229240
226985                                                          226985
226985                                                          226985
226982                                                          226982
226979                                                          226979
225532                                                          225532
225531                                                          225531
225391                                                          225391
224673                                                          224673
224670                                                          224670
224670                                                          224670
223389                                                          223389
223386                                                          223386
223231                                                          223231
221949                                                          221949
221941                                                          221941
221941                                                          221941
219762                                                          219762
219761                                                          219761
219754                                                          219754
218696                                                          218696
218695                                                          218695
218680                                                          218680
218680                                                          218680
218288                                                          218288
218287                                                          218287
215437                                                          215437
215436                                                          215436
215432                                                          215432
215426                                                          215426
211879                                                          211879
211878                                                          211878
211873                                                          211873
210822                                                          210822
210822                                                          210822
210822                                                          210822
210815                                                          210815
210814                                                          210814
210813                                                          210813
208241                                                          208241
208239                                                          208239
208238                                                          208238
208232                                                          208232
208228                                                          208228
208225                                                          208225
207384  